5B-1H-1.bmp 10 210 15050 96 9 3 7 3 22 500
1H-2.bmp 1 400 40000 64 15 5 11 5 22 500
1H-6.bmp 1 400 40000 64 9 3 7 3 12 500
5B-2H-1.bmp 1 400 40000 128 9 3 7 3 20 1000
5B-2H-2.bmp 1 600 40000 40 5 3 5 3 8 1000
2H-6.bmp 1 600 40000 32 3 3 3 3 6 1000
5B-3H-1.bmp 1 600 40000 40 5 3 5 3 12 500
5B-3H-2.bmp 1 600 40000 40 5 3 5 3 8 500
3H-6.bmp 1 600 40000 32 5 3 7 3 8 250
5B-4H-1.bmp 1 500 40000 40 3 3 5 3 8 500
5B-4H-2.bmp 1 500 40000 40 3 3 5 3 8 500
4H-6.bmp 1 500 40000 64 3 3 5 3 10 500
4H-7.bmp 1 500 40000 64 9 5 9 3 8 1000
4H-8.bmp 1 500 40000 64 3 3 5 3 10 500
5H-1.bmp 1 400 40000 32 3 3 5 3 8 500
5B-5H-2.bmp 1 300 40000 32 3 3 5 3 8 500
5H-6.bmp 1 500 40000 32 9 5 5 3 12 500
5B-6H-1.bmp 1 210 40000 32 5 5 3 3 22 500
5B-6H-2.bmp 1 210 33600 32 5 3 3 3 10 500
6H-6.bmp 1 610 33600 32 3 3 3 3 10 250
5B-7H-1.bmp 1 210 33600 32 3 3 3 3 10 400
5B-7H-2.bmp 1 210 33600 32 3 3 3 3 8 400
7H-6.bmp 1 610 33600 32 5 3 3 3 10 400
5B-8H-1.bmp 140 210 33600 32 3 3 3 3 10 400
5B-8H-2.bmp 1 210 33600 32 3 3 3 3 10 400
8H-6.bmp 1 610 33600 32 3 3 3 3 10 400
5B-9H-1.bmp 1 210 33600 32 3 3 3 3 10 400
5B-9H-2.bmp 1 180 33600 32 3 3 3 3 10 400
9H-6.bmp 1 680 33600 32 3 3 3 3 10 400
5B-10H-1.bmp 1 220 15050 32 3 3 3 3 8 500
5B-10H-2.bmp 1 220 15050 32 3 3 3 3 8 500
