5B-1H-1 0.78 0 0.78
1H-2 1.39 0.78 2.17
1H-6 0.83 2.17 3
5B-2H-1 1.5 3 4.5
5B-2H-2 1.39 4.5 5.885
2H-6 0.115 5.885 6
5B-3H-1 1.5 6 7.5
5B-3H-2 1.44 7.5 8.941
3H-6 0.06 8.94 9
5B-4H-1 1.49 9 10.49
5B-4H-2 1.43 10.49 11.921
4H-6 0.137 11.92 12.057
4H-7 0.538 12.057 12.595
4H-8 0.375 12.595 12.97
5H-1 0.53 12.97 13.5
5B-5H-2 1.41 13.5 14.91
5H-6 1.20 14.91 15.93
5B-6H-1 0.568 15.93 16.498
5B-6H-2 1.42 16.498 17.915
6H-6 0.08 17.915 18
5B-7H-1 1.5 18 19.5
5B-7H-2 1.35 19.5 20.85
7H-6 0.164 20.850 21.014
5B-8H-1 1.5 21 22.495
5B-8H-2 0.85 22.495 23.345
8H-6 0.665 23.335 24
5B-9H-1 1.5 24 25.5
5B-9H-2 1.29 25.5 26.79
9H-6 0.19 26.790 27.110
5B-10H-1 1.51 27 28.505
5B-10H-2 1.38 28.505 29.885
10H-6 0.06 29.885 29.945
5B-11H-1 1.48 30 31.48
5B-11H-2 1.46 31.48 32.935
5B-11H-6 0.06 32.935 33
5B-12H-1 1.5 33 34.5
5B-12H-2 1.29 34.5 35.785
5B-12H-6 0.05 35.785 35.83
5B-13H-1 1.51 36 37.505
5B-13H-2 1.43 37.505 38.935
5B-13H-6 0.05 38.935 38.98
5B-14H-1 1.51 39 40.508
5B-14H-2 1.33 40.508 41.833
5B-14H-6 0.09 41.833 41.918
5B-15H-1 1.5 42 43.503
5B-15H-2 1.41 43.503 44.913
5B-15H-6 0.04 44.913 44.953
5B-16H-1 1.49 45 46.49
5B-16H-2 1.42 46.49 47.906
5B-16H-6 0.05 47.906 47.951
5B-17H-1 1.49 48 49.49
5B-17H-2 1.44 49.49 50.925
5B-17H-6 0.03 50.925 50.95
5B-18H-1 1.5 51 52.5
5B-18H-2 1.32 52.5 53.815
5B-18H-6 0.07 53.815 53.88
5B-19H-1 1.5 54 55.5
5B-19H-2 1.4 55.5 56.895
5B-19H-6 0.05 56.895 56.945
5B-20H-1 1.49 57 58.49
5B-20H-2 1.46 58.49 59.95
5B-20H-6 0.05 59.95 60
5B-21H-1 1.49 60 61.49
5B-21H-2 1.08 61.49 62.565
5B-21H-6 0.06 62.565 62.625
5B-22H-1 0.88 63 63.875
5B-22H-2 1.47 63.875 65.341
5B-22H-3 0.58 65.341 65.921
5B-22H-6 0.08 65.921 66
5B-23H-1 1.5 66 67.5
5B-23H-2 1.05 67.5 68.55
5B-23H-6 0.11 68.55 68.66
5B-24H-1 1.44 69 70.443
5B-24H-2 1.48 70.443 71.921
5B-24H-6 0.08 71.921 72
5B-25H-1 1.5 72 73.5
5B-25H-2 1.19 73.5 74.685
5B-25H-6 0.09 74.685 74.77
5B-26H-1 1.48 75 76.478
5B-26H-2 1.45 76.478 77.925
5B-26H-6 0.07 77.925 78
5B-27H-1 1.48 78 79.48
5B-27H-2 1.48 79.48 80.955
5B-27H-6 0.03 80.955 80.985
5B-28E-1 1.32 81 82.318
5B-28E-2 1.14 82.318 83.456
5B-28E-6 0.04 83.456 83.5
5B-29E-1 1.26 83.5 84.763
5B-29E-2 0.71 84.763 85.474
5B-29E-6 0.03 85.474 85.5
5B-30E-1 1.5 85.5 87
5B-30E-2 0.35 87 87.354
5B-30E-6 0.04 87.354 87.394
5B-31E-1 1.23 88 89.234
5B-31E-2 1.22 89.234 90.451
5B-31E-6 0.05 90.451 90.5
5B-32E-1 1.2 90.5 91.699
5B-32E-2 0.59 91.699 92.29
5B-32E-6 0.06 92.29 92.35
5B-33E-1 1.17 92.35 93.518
5B-33E-2 0.62 93.518 94.141
5B-33E-3 0.63 94.141 94.771
5B-33E-6 0.08 94.771 94.85
5B-34E-1 1.18 94.85 96.031
5B-34E-2 0.65 96.031 96.677
5B-34E-3 0.64 96.677 97.319
5B-34E-6 0.03 97.319 97.35
5B-35E-1 1.24 97.35 98.585
5B-35E-2 1.21 98.585 99.8
5B-35E-6 0.05 99.8 99.85
5B-36E-1 1.21 99.85 101.057
5B-36E-2 0.63 101.057 101.689
5B-36E-3 0.63 101.689 102.322
5B-36E-6 0.03 102.322 102.35
5B-37E-1 1.31 102.35 103.658
5B-37E-2 1.15 103.658 104.806
5B-37E-6 0.04 104.806 104.85
5B-38E-1 1.13 104.85 105.985
5B-38E-2 0.49 105.985 106.474
5B-38E-3 0.84 106.474 107.309
5B-38E-6 0.04 107.309 107.35
5B-39E-1 1.25 107.35 108.6
5B-39E-2 1.19 108.6 109.793
5B-39E-6 0.06 109.793 109.85
5B-40E-1 1.3 109.85 111.151
5B-40E-2 1.14 111.151 112.288
5B-40E-6 0.06 112.288 112.35
5B-41E-1 1.24 112.35 113.594
5B-41E-2 1.18 113.594 114.775
5B-41E-6 0.08 114.775 114.85
5B-42E-1 1.19 114.85 116.038
5B-42E-2 0.63 116.038 116.669
5B-42E-3 0.66 116.669 117.325
5B-42E-6 0.02 117.325 117.35
5B-43E-1 1.19 117.35 118.537
5B-43E-2 0.37 118.537 118.902
5B-43E-3 0.9 118.902 119.802
5B-43E-6 0.05 119.802 119.85
5B-44E-1 1.2 119.85 121.053
5B-44E-2 0.59 121.053 121.642
5B-44E-3 0.66 121.642 122.305
5B-44E-6 0.05 122.305 122.35
5B-45E-1 1.25 122.35 123.6
5B-45E-2 1.19 123.6 124.791
5B-45E-6 0.06 124.791 124.85
5B-46E-1 1.27 124.85 126.124
5B-46E-2 1.16 126.124 127.282
5B-46E-6 0.07 127.282 127.35
5B-47E-1 1.13 127.35 128.483
5B-47E-2 0.69 128.483 129.178
5B-47E-3 0.52 129.178 129.699
5B-47E-6 0.15 129.699 129.85
5B-48E-1 1.26 129.85 131.115
5B-48E-2 1.19 131.115 132.304
5B-48E-6 0.05 132.304 132.35
5B-49E-1 0.74 132.35 133.088
5B-49E-2 1.18 133.088 134.265
5B-49E-3 0.55 134.265 134.815
5B-49E-6 0.04 134.815 134.85
5B-50E-1 0.77 134.85 135.62
5B-50E-2 1.05 135.62 136.673
5B-50E-3 0.54 136.673 137.218
5B-50E-6 0.13 137.218 137.35
5B-51E-1 0.54 137.35 137.891
5B-51E-2 0.93 137.891 138.821
5B-51E-3 0.91 138.821 139.731
5B-51E-6 0.12 139.731 139.85
5B-52E-1 1.16 139.85 141.014
5B-52E-2 0.51 141.014 141.528
5B-52E-3 0.76 141.528 142.291
5B-52E-6 0.06 142.291 142.35
5B-53E-1 1.14 142.35 143.489
5B-53E-2 0.42 143.489 143.906
5B-53E-3 0.84 143.906 144.747
5B-53E-6 0.1 144.747 144.85
5B-54E-1 1.09 144.85 145.935
5B-54E-6 0.01 145.935 145.945
5B-55E-1 0.85 147.29 148.145
5B-55E-2 0.82 148.145 148.968
5B-55E-3 0.82 148.968 149.791
5B-55E-6 0.06 149.791 149.85
5B-56E-1 0.6 149.85 150.449
5B-56E-2 0.65 150.449 151.096
5B-56E-3 1.21 151.096 152.302
5B-56E-6 0.05 152.302 152.35
5B-57E-1 0.41 152.35 152.755
5B-57E-6 0.05 152.755 152.805
5B-58A-1 1.41 152.65 154.06
5B-58A-2 1.04 154.06 155.1
5B-59E-1 1.11 155.33 156.436
5B-59E-2 0.65 156.436 157.087
5B-59E-3 0.69 157.087 157.779
5B-59E-6 0.05 157.779 157.83
5B-60E-1 0.71 157.83 158.54
5B-60E-6 0.05 158.54 158.59
5B-61E-1 0.05 160.33 160.377
5B-61E-2 0.97 160.377 161.344
5B-61E-3 0.7 161.344 162.044
5B-61E-4 0.7 162.044 162.744
5B-61E-6 0.09 162.744 162.83
5B-62E-1 1.15 162.83 163.98
5B-62E-2 0.63 163.98 164.612
5B-62E-3 0.63 164.612 165.245
5B-62E-6 0.08 165.245 165.33
5B-63E-1 0.05 165.33 165.384
5B-63E-2 1.09 165.384 166.471
5B-63E-3 0.92 166.471 167.387
5B-63E-4 0.33 167.387 167.717
5B-63E-6 0.11 167.717 167.83
5B-64E-1 0.56 167.83 168.386
5B-64E-2 0.62 168.386 169.001
5B-64E-3 1.2 169.001 170.202
5B-64E-6 0.13 170.202 170.33
5B-65E-1 0.89 170.33 171.219
5B-65E-2 0.48 171.219 171.694
5B-65E-3 0.57 171.694 172.269
5B-65E-6 0.06 172.269 172.33
5B-66E-1 0.81 172.33 173.142
5B-66E-2 0.55 173.142 173.692
5B-66E-3 0.58 173.692 174.268
5B-66E-6 0.06 174.268 174.33
5B-67E-1 0.9 174.33 175.232
5B-67E-2 0.98 175.232 176.214
5B-67E-6 0.12 176.214 176.33
5B-68E-1 1.17 176.33 177.5
5B-68E-2 0.79 177.5 178.287
5B-68E-6 0.04 178.287 178.33
5B-69E-1 0.53 178.33 178.856
5B-69E-2 0.74 178.856 179.599
5B-69E-3 0.64 179.599 180.241
5B-69E-6 0.09 180.241 180.33
5B-70E-1 0.7 180.33 181.026
5B-70E-2 0.35 181.026 181.379
5B-70E-3 0.92 181.379 182.297
5B-70E-6 0.03 182.297 182.33
5B-71E-1 1.1 182.33 183.433
5B-71E-2 0.8 183.433 184.234
5B-71E-6 0.1 184.234 184.33
5B-72E-1 0.74 184.33 185.073
5B-72E-2 0.74 185.073 185.816
5B-72E-3 0.45 185.816 186.267
5B-72E-6 0.06 186.267 186.33
5B-73E-1 1.18 186.33 187.512
5B-73E-2 0.74 187.512 188.257
5B-73E-6 0.07 188.257 188.33
5B-74E-1 0.87 188.33 189.197
5B-74E-2 1.02 189.197 190.218
5B-74E-6 0.11 190.218 190.33
5B-75E-1 0.63 190.33 190.958
5B-75E-2 1.24 190.958 192.197
5B-75E-6 0.08 192.197 192.28
5B-76A-1 1.13 192.28 193.406
5B-76A-2 0.76 193.406 194.163
5B-76A-6 0.12 194.163 194.28
5B-77E-1 1.18 194.28 195.463
5B-77E-2 0.78 195.463 196.238
5B-77E-6 0.04 196.238 196.28
5B-78E-1 0.75 196.28 197.032
5B-78E-2 0.91 197.032 197.945
5B-78E-6 0.1 197.945 198.04
5B-79A-1 0.47 198.04 198.51
5B-79A-2 0.72 198.51 199.226
5B-79A-3 0.69 199.226 199.914
5B-79A-6 0.13 199.914 200.04
5B-80A-1 1.24 200.04 201.28
5B-80A-2 1.22 201.28 202.501
5B-80A-6 0.04 202.501 202.54
5B-81A-1 0.1 202.54 202.645
5B-81A-2 1.23 202.645 203.876
5B-81A-3 1.04 203.876 204.919
5B-81A-6 0.12 204.919 205.04
5B-82A-1 0.6 205.04 205.644
5B-82A-2 1.09 205.644 206.729
5B-82A-3 0.71 206.729 207.436
5B-82A-6 0.1 207.436 207.54
5B-83A-1 1.17 207.54 208.708
5B-83A-2 1.24 208.708 209.947
5B-83A-6 0.09 209.947 210.04
5B-84A-1 0.75 210.04 210.785
5B-84A-2 1.48 210.785 212.265
5B-84A-6 0.06 212.265 212.325
5B-85A-1 1.43 212.54 213.967
5B-85A-2 1 213.967 214.965
5B-85A-6 0.07 214.965 215.04
5B-86A-1 1.5 215.04 216.54
5B-86A-2 0.85 216.54 217.385
5B-86A-6 0.04 217.385 217.425
5B-87A-1 0.97 217.54 218.51
5B-87A-2 1.46 218.51 219.97
5B-87A-6 0.04 219.97 220.01
5B-88A-1 1.42 220.04 221.465
5B-88A-2 1.29 221.465 222.75
5B-88A-6 0.04 222.75 222.79
5B-89A-1 1.33 222.79 224.118
5B-89A-2 1.35 224.118 225.464
5B-89A-6 0.08 225.464 225.54
5B-90A-1 1.31 225.54 226.853
5B-90A-2 1.25 226.853 228.107
5B-90A-6 0.18 228.107 228.29
5B-91A-1 0.82 228.29 229.108
5B-91A-2 0.62 229.108 229.73
5B-91A-3 1.19 229.73 230.919
5B-91A-6 0.12 230.919 231.04
5B-92A-1 0.11 231.04 231.146
5B-92A-2 1.09 231.146 232.234
5B-92A-3 1.17 232.234 233.404
5B-92A-4 0.33 233.404 233.733
5B-92A-6 0.06 233.733 233.79
5B-93A-1 0.13 233.79 233.917
5B-93A-2 0.95 233.917 234.863
5B-93A-3 0.52 234.863 235.381
5B-93A-4 0.9 235.381 236.286
5B-93A-6 0.06 236.286 236.35
5B-94A-1 1.17 236.37 237.536
5B-94A-2 1.19 237.536 238.727
5B-94A-6 0.08 238.727 238.81
5B-95A-1 0.8 238.81 239.612
5B-95A-2 0.58 239.612 240.189
5B-95A-3 1.01 240.189 241.198
5B-95A-6 0.11 241.198 241.31
5B-96A-1 0.12 241.31 241.43
5B-96A-2 1.14 241.43 242.566
5B-96A-3 1.11 242.566 243.679
5B-96A-6 0.13 243.679 243.81
5B-97A-1 0.44 243.81 244.25
5B-97A-6 0.14 244.25 244.39
5B-98A-1 0.91 246.31 247.223
5B-98A-6 0.09 247.223 247.31
5B-99A-1 0.74 247.31 248.05
5B-99A-6 0.14 248.05 248.19
5B-100A-1 1.25 248.31 249.558
5B-100A-2 0.98 249.558 250.534
5B-100A-6 0.13 250.534 250.66
5B-101A-1 1.18 250.66 251.843
5B-101A-2 1.2 251.843 253.043
5B-101A-6 0.12 253.043 253.16
5B-102A-1 1.14 253.16 254.303
5B-102A-2 1.29 254.303 255.596
5B-102A-6 0.06 255.596 255.66
5B-103A-1 0.22 255.66 255.88
5B-103A-6 0.15 255.88 256.03
5B-104A-6 0.01 258.16 258.17
5B-105A-1 0.03 260.66 260.685
5B-105A-2 0.83 260.685 261.519
5B-105A-3 1.25 261.519 262.773
5B-105A-6 0.1 262.773 262.87
5B-106A-1 1.33 262.87 264.2
5B-106A-2 1.06 264.2 265.258
5B-106A-6 0.11 265.258 265.37
5B-107A-1 0.47 265.37 265.837
5B-107A-2 0.76 265.837 266.601
5B-107A-3 1.13 266.601 267.73
5B-107A-6 0.14 267.73 267.87
5B-108A-1 1.37 267.87 269.236
5B-108A-2 0.57 269.236 269.81
5B-108A-3 0.7 269.81 270.511
5B-108A-6 0.11 270.511 270.62
5B-109A-1 1.31 270.62 271.927
5B-109A-2 0.7 271.927 272.629
5B-109A-3 0.58 272.629 273.212
5B-109A-6 0.16 273.212 273.37
5B-110A-1 0.04 273.37 273.412
5B-110A-2 1.26 273.412 274.671
5B-110A-3 1.26 274.671 275.935
5B-110A-6 0.19 275.935 276.12
5B-111A-1 1.29 276.12 277.411
5B-111A-2 0.67 277.411 278.082
5B-111A-3 0.68 278.082 278.762
5B-111A-6 0.11 278.762 278.87
5B-112A-1 1.39 278.87 280.262
5B-112A-2 1 280.262 281.261
5B-112A-6 0.11 281.261 281.37
5B-113A-1 1.23 281.37 282.597
5B-113A-2 0.66 282.597 283.252
5B-113A-3 0.66 283.252 283.911
5B-113A-6 0.16 283.911 284.07
5B-114A-1 1.27 284.07 285.342
5B-114A-2 0.67 285.342 286.012
5B-114A-3 0.68 286.012 286.691
5B-114A-6 0.13 286.691 286.82
5B-115A-1 1.5 286.82 288.315
5B-115A-2 1.09 288.315 289.405
5B-115A-6 0.13 289.405 289.535
5B-116A-1 1.49 289.57 291.06
5B-116A-2 0.74 291.06 291.8
5B-116A-6 0.17 291.8 291.97
5B-117A-1 0.02 292.47 292.49
5B-117A-2 0.03 292.49 292.52
5B-117A-3 0.17 292.52 292.69
